- name: Gym
  latitude: 53.5301052
  longitude: -113.2932228
  radius: 150
  icon: mdi:dumbbell